0 0.282748 0.285597 0.050053 0.119476
0 0.194356 0.279051 0.054313 0.099836
0 0.125666 0.378887 0.046858 0.073650
0 0.094782 0.405892 0.046858 0.094926
0 0.057508 0.478723 0.048988 0.073650
0 0.030884 0.482815 0.029819 0.081833
0 0.070288 0.591653 0.063898 0.103110
0 0.111821 0.516367 0.042599 0.112930
0 0.140575 0.473813 0.055378 0.112930
0 0.159744 0.563830 0.048988 0.070376
0 0.191693 0.641571 0.046858 0.072013
0 0.176251 0.404255 0.047923 0.088380
0 0.223110 0.480360 0.079872 0.109656
0 0.293397 0.570376 0.069223 0.112930
0 0.282748 0.673486 0.071353 0.112930
0 0.337061 0.498363 0.035144 0.067103
0 0.375932 0.684943 0.072417 0.126023
0 0.318424 0.333061 0.042599 0.083470
0 0.362087 0.355974 0.063898 0.109656
0 0.458999 0.457447 0.087327 0.129296
0 0.418530 0.540917 0.070288 0.109656
0 0.487753 0.602291 0.097977 0.137480
0 0.461129 0.707856 0.070288 0.119476
0 0.534079 0.748773 0.084132 0.162029
0 0.636315 0.826514 0.120341 0.186579
0 0.720980 0.729133 0.108626 0.155483
0 0.787007 0.879705 0.136315 0.184943
0 0.578275 0.466448 0.085197 0.117840
0 0.597977 0.610475 0.094782 0.140753
