0 0.208000 0.784000 0.128000 0.170667
0 0.283000 0.686667 0.074000 0.109333
0 0.349500 0.814667 0.057000 0.093333
0 0.337000 0.596000 0.082000 0.128000
0 0.375000 0.368667 0.072000 0.116000
0 0.497500 0.325333 0.063000 0.104000
0 0.591000 0.172000 0.048000 0.090667
0 0.661000 0.096667 0.040000 0.084000
0 0.727500 0.520667 0.049000 0.089333
0 0.569500 0.632000 0.061000 0.090667
0 0.533000 0.822667 0.060000 0.109333
0 0.221500 0.946000 0.099000 0.100000
0 0.382000 0.876667 0.062000 0.097333
0 0.093500 0.938667 0.083000 0.112000
0 0.264000 0.886000 0.056000 0.076000
0 0.456000 0.866000 0.064000 0.094667
0 0.437000 0.763333 0.086000 0.153333
0 0.380000 0.711333 0.074000 0.102667
0 0.399000 0.578000 0.046000 0.084000
0 0.355500 0.486000 0.057000 0.105333
0 0.414000 0.493333 0.054000 0.098667
0 0.447500 0.390000 0.055000 0.100000
0 0.517500 0.505333 0.095000 0.178667
0 0.550000 0.358000 0.060000 0.105333
0 0.626000 0.345333 0.040000 0.072000
0 0.663000 0.314667 0.046000 0.096000
0 0.671500 0.221333 0.045000 0.090667
0 0.625000 0.190667 0.026000 0.069333
0 0.743000 0.123333 0.050000 0.108000
0 0.681500 0.132000 0.053000 0.096000
0 0.724500 0.216667 0.041000 0.100000
0 0.648000 0.390000 0.030000 0.046667
0 0.621000 0.458000 0.070000 0.118667
0 0.653500 0.540000 0.045000 0.072000
0 0.576500 0.550000 0.041000 0.068000
0 0.636500 0.630667 0.053000 0.112000
0 0.675500 0.621333 0.037000 0.077333
0 0.508000 0.698000 0.058000 0.092000
0 0.462500 0.644000 0.075000 0.120000
0 0.727000 0.651333 0.038000 0.046667
0 0.712000 0.580000 0.028000 0.050667
0 0.738000 0.603333 0.026000 0.062667
0 0.762000 0.546000 0.038000 0.086667
0 0.797000 0.470667 0.030000 0.066667
0 0.721000 0.437333 0.028000 0.064000
0 0.691000 0.416000 0.040000 0.082667
0 0.707500 0.343333 0.045000 0.100000
0 0.775000 0.340000 0.036000 0.061333
0 0.763000 0.263333 0.036000 0.084000
0 0.787000 0.276000 0.026000 0.066667
0 0.769500 0.205333 0.033000 0.050667
0 0.814000 0.137333 0.054000 0.130667
0 0.817000 0.232000 0.034000 0.074667
0 0.839500 0.301333 0.025000 0.069333
0 0.856500 0.208667 0.029000 0.076000
0 0.873500 0.191333 0.027000 0.084000
0 0.905000 0.236000 0.022000 0.056000
0 0.951500 0.253333 0.029000 0.058667
0 0.934500 0.286667 0.023000 0.050667
0 0.960500 0.309333 0.019000 0.053333
0 0.991500 0.322667 0.017000 0.050667
0 0.921500 0.332000 0.021000 0.045333
0 0.894500 0.284667 0.029000 0.041333
0 0.887000 0.326000 0.032000 0.046667
0 0.857000 0.383333 0.046000 0.081333
0 0.836500 0.437333 0.031000 0.056000
0 0.795500 0.354667 0.031000 0.096000
0 0.810000 0.416667 0.028000 0.044000
0 0.741500 0.404667 0.035000 0.062667
0 0.821000 0.560667 0.030000 0.057333
0 0.786500 0.584000 0.031000 0.058667
0 0.812000 0.620000 0.028000 0.050667
0 0.846500 0.593333 0.033000 0.080000
0 0.874500 0.585333 0.029000 0.080000
0 0.896500 0.550000 0.021000 0.062667
0 0.904500 0.583333 0.021000 0.073333
0 0.945500 0.592000 0.027000 0.064000
0 0.924500 0.518000 0.025000 0.078667
0 0.901500 0.483333 0.031000 0.086667
0 0.879000 0.509333 0.026000 0.080000
0 0.847000 0.498000 0.026000 0.049333
0 0.858500 0.526000 0.021000 0.062667
0 0.889500 0.410000 0.025000 0.057333
0 0.875000 0.443333 0.022000 0.052000
0 0.949000 0.384667 0.022000 0.046667
0 0.908500 0.414000 0.017000 0.046667
0 0.934500 0.454667 0.021000 0.042667
0 0.964000 0.530667 0.020000 0.045333
0 0.951500 0.464000 0.023000 0.069333
0 0.971000 0.386000 0.016000 0.041333
0 0.974500 0.446000 0.017000 0.054667
0 0.984500 0.583333 0.015000 0.033333
0 0.975500 0.614000 0.017000 0.022667
0 0.994000 0.531333 0.012000 0.046667
0 0.543000 0.258667 0.050000 0.090667
0 0.691500 0.493333 0.035000 0.066667
