0 0.184500 0.220701 0.103000 0.115005
0 0.275000 0.313253 0.086000 0.131435
0 0.425500 0.346112 0.103000 0.127054
0 0.525000 0.400329 0.130000 0.176342
0 0.660000 0.180723 0.044000 0.054765
0 0.738000 0.253560 0.048000 0.060241
0 0.867000 0.299562 0.050000 0.060241
0 0.830000 0.217963 0.056000 0.059146
0 0.671000 0.678532 0.152000 0.171961
0 0.585500 0.539430 0.125000 0.145674
0 0.260000 0.629792 0.124000 0.148959
0 0.223000 0.493428 0.088000 0.115005
0 0.207500 0.375685 0.103000 0.118291
0 0.617500 0.814896 0.139000 0.148959
0 0.778000 0.849398 0.172000 0.193866
0 0.473500 0.559693 0.097000 0.113910
0 0.429500 0.759036 0.151000 0.164294
0 0.172500 0.725082 0.087000 0.133625
0 0.135000 0.591457 0.096000 0.144578
0 0.101000 0.430449 0.130000 0.168675
0 0.091500 0.277108 0.105000 0.131435
0 0.068500 0.707010 0.083000 0.117196
0 0.038500 0.603505 0.075000 0.140197
0 0.026500 0.476999 0.051000 0.090909
0 0.319000 0.450164 0.130000 0.168675
0 0.358000 0.608434 0.134000 0.165389
0 0.279000 0.760679 0.098000 0.119387
0 0.531500 0.666484 0.137000 0.147864
0 0.480500 0.216867 0.035000 0.037240
0 0.467000 0.255750 0.030000 0.038335
0 0.501000 0.254107 0.034000 0.043812
0 0.529500 0.204272 0.033000 0.042716
0 0.583500 0.206462 0.033000 0.033954
0 0.581000 0.242607 0.028000 0.029573
0 0.631000 0.297371 0.042000 0.047097
0 0.613000 0.232749 0.036000 0.040526
0 0.645000 0.218510 0.036000 0.036145
0 0.664000 0.244797 0.032000 0.036145
0 0.687000 0.295181 0.044000 0.051479
0 0.707500 0.233844 0.043000 0.058050
0 0.706000 0.177437 0.038000 0.046002
0 0.745500 0.184556 0.039000 0.049288
0 0.761000 0.151698 0.040000 0.036145
0 0.796000 0.127601 0.040000 0.038335
0 0.812000 0.167579 0.050000 0.054765
0 0.800000 0.265060 0.036000 0.039430
0 0.835000 0.282585 0.038000 0.054765
0 0.882500 0.255203 0.027000 0.035049
0 0.909500 0.272727 0.039000 0.056955
0 0.953000 0.318729 0.038000 0.046002
0 0.761000 0.319277 0.044000 0.038335
0 0.774000 0.347755 0.042000 0.040526
0 0.811500 0.306681 0.031000 0.035049
0 0.828500 0.332968 0.039000 0.046002
0 0.858500 0.372946 0.037000 0.040526
0 0.892500 0.345016 0.043000 0.048193
0 0.945500 0.370208 0.035000 0.043812
0 0.905000 0.392114 0.046000 0.050383
0 0.819500 0.392114 0.035000 0.035049
0 0.947500 0.427711 0.061000 0.069003
0 0.989500 0.348302 0.021000 0.048193
