4 0.107777 0.313068 0.187919 0.181603
4 0.299842 0.194631 0.185946 0.185551
4 0.497829 0.100671 0.178445 0.185551
4 0.217726 0.528622 0.192262 0.175286
4 0.419858 0.421437 0.180418 0.171733
5 0.575207 0.305764 0.140545 0.153573
5 0.669562 0.474339 0.142124 0.138571
5 0.831228 0.386103 0.140940 0.154757
5 0.919858 0.548362 0.145282 0.152388
3 0.758587 0.647059 0.125938 0.149230
3 0.588038 0.739834 0.125938 0.142914
3 0.323924 0.703711 0.159100 0.140940
3 0.401895 0.845440 0.146072 0.132254
3 0.504145 0.593762 0.133439 0.136597
