4 0.109871 0.325108 0.182139 0.177830
4 0.305131 0.210341 0.183314 0.180964
4 0.503134 0.113396 0.182922 0.182139
4 0.224246 0.539561 0.194673 0.179005
4 0.419506 0.426753 0.174696 0.179788
5 0.577164 0.313553 0.136702 0.152370
5 0.832354 0.394046 0.134743 0.144144
5 0.674696 0.481786 0.149236 0.144144
5 0.921269 0.554446 0.136310 0.149236
3 0.511751 0.601058 0.149236 0.136702
3 0.326870 0.709949 0.142186 0.145319
3 0.411085 0.849197 0.134352 0.137877
3 0.591461 0.750881 0.126910 0.141794
3 0.762436 0.654328 0.145319 0.139835
