4 0.226283 0.244186 0.214101 0.218162
4 0.158361 0.489664 0.193429 0.187892
4 0.113326 0.728313 0.203027 0.200812
4 0.351052 0.796788 0.203027 0.213732
4 0.409745 0.544481 0.189738 0.184570
5 0.457549 0.313769 0.179033 0.170543
5 0.652455 0.393319 0.176080 0.162791
5 0.702842 0.177925 0.168328 0.179402
5 0.909745 0.236619 0.173865 0.174972
3 0.867848 0.431340 0.159468 0.162791
3 0.821705 0.668143 0.182355 0.160945
3 0.612219 0.625323 0.160576 0.155039
3 0.559616 0.823920 0.166113 0.170543
3 0.756737 0.889627 0.177925 0.166851
