0 0.142495 0.165962 0.176744 0.175476
0 0.380338 0.166808 0.166173 0.183932
0 0.140381 0.398943 0.174207 0.180550
0 0.373573 0.396829 0.179704 0.187315
0 0.119239 0.623044 0.172516 0.189006
2 0.343975 0.632558 0.171247 0.189429
2 0.560042 0.619873 0.178858 0.195349
2 0.110359 0.833404 0.177590 0.197886
2 0.344397 0.841860 0.180550 0.185201
1 0.577590 0.842283 0.215645 0.219873
1 0.858140 0.388372 0.221142 0.227061
1 0.593869 0.386258 0.227061 0.231290
1 0.611839 0.144609 0.233404 0.224101
1 0.875053 0.119873 0.216913 0.221142
