2 0.147125 0.118379 0.202807 0.190584
2 0.140788 0.363966 0.209144 0.181077
2 0.373019 0.352422 0.201901 0.204165
2 0.383431 0.564056 0.200091 0.187415
1 0.156632 0.589181 0.224536 0.229516
1 0.599140 0.563603 0.197827 0.209144
1 0.872340 0.575373 0.239022 0.220009
1 0.593029 0.845405 0.244455 0.229516
1 0.863513 0.839294 0.244002 0.232684
0 0.844047 0.341557 0.176098 0.177909
0 0.585106 0.328882 0.179719 0.158895
0 0.603893 0.120416 0.188321 0.180172
0 0.820281 0.099366 0.208239 0.179719
0 0.355138 0.133092 0.178814 0.180172
