0 0.371565 0.101136 0.161231 0.148772
0 0.269329 0.262367 0.139245 0.148772
0 0.163796 0.409857 0.141444 0.142543
0 0.436973 0.357091 0.133016 0.141077
0 0.541224 0.204837 0.134115 0.144375
2 0.317149 0.515207 0.148406 0.149505
2 0.072188 0.563760 0.142177 0.142543
2 0.234335 0.667461 0.152803 0.148406
2 0.483510 0.596922 0.157200 0.153903
1 0.398864 0.768413 0.179919 0.181019
1 0.797178 0.560645 0.193844 0.188347
1 0.597288 0.445035 0.181019 0.174789
1 0.708684 0.282155 0.178087 0.192745
1 0.905093 0.370099 0.189813 0.188347
