1 0.112452 0.557949 0.218871 0.219733
1 0.570228 0.557949 0.232227 0.219733
1 0.811719 0.571305 0.219733 0.224903
1 0.568074 0.842740 0.238259 0.249031
1 0.843386 0.847480 0.221887 0.237829
0 0.774666 0.333262 0.176648 0.179664
0 0.551271 0.335847 0.192589 0.174494
0 0.546963 0.110297 0.175355 0.177510
0 0.785006 0.107497 0.199914 0.189143
0 0.322706 0.101249 0.172340 0.186988
2 0.109866 0.093063 0.186127 0.163723
2 0.097803 0.327445 0.191297 0.186988
2 0.313658 0.321629 0.173201 0.188281
2 0.326799 0.545455 0.178802 0.196467
