2 0.337657 0.632965 0.183136 0.185425
2 0.569248 0.629340 0.199161 0.194964
2 0.103586 0.845479 0.198016 0.193056
2 0.334414 0.850820 0.189622 0.190767
1 0.591568 0.383441 0.233117 0.231209
1 0.866082 0.393934 0.228920 0.230828
1 0.885540 0.115605 0.215185 0.223579
1 0.607974 0.130485 0.232354 0.231973
1 0.575162 0.847577 0.225486 0.224723
0 0.101297 0.629340 0.183518 0.167493
0 0.119229 0.394315 0.181229 0.181229
0 0.356734 0.392407 0.164060 0.172835
0 0.122472 0.152804 0.196108 0.183518
0 0.366272 0.164060 0.193819 0.188478
