0 0.426324 0.081081 0.149944 0.152536
0 0.311551 0.257682 0.178823 0.167345
0 0.173454 0.405220 0.173639 0.161792
0 0.464458 0.379304 0.173639 0.154387
0 0.581266 0.216957 0.168086 0.170307
1 0.786561 0.312107 0.206220 0.202147
1 0.642540 0.485746 0.193632 0.180674
1 0.821918 0.621992 0.175491 0.185117
1 0.944280 0.427990 0.111440 0.207331
1 0.403924 0.797668 0.177712 0.193632
2 0.340615 0.533321 0.158460 0.159571
2 0.509811 0.634950 0.148093 0.157719
2 0.229545 0.684006 0.165124 0.169197
2 0.074232 0.558682 0.147723 0.176971
