0 0.078928 0.603327 0.143808 0.147874
0 0.170795 0.442329 0.156007 0.146765
0 0.347874 0.568577 0.170055 0.150092
0 0.229390 0.706470 0.161553 0.136044
0 0.383549 0.818299 0.136414 0.146765
2 0.528835 0.924030 0.156377 0.138632
2 0.642884 0.767283 0.150092 0.156377
2 0.488725 0.672643 0.143438 0.146765
2 0.587616 0.509427 0.148983 0.158226
1 0.438078 0.409057 0.179667 0.171165
1 0.745841 0.610906 0.195564 0.188170
1 0.271719 0.275416 0.184843 0.170055
1 0.411091 0.102957 0.182625 0.183734
1 0.587985 0.225323 0.194085 0.190388
