1 0.583679 0.112494 0.223144 0.216690
1 0.842324 0.123559 0.200092 0.217612
1 0.866989 0.363071 0.219917 0.210696
1 0.582065 0.376671 0.234670 0.229599
1 0.619179 0.811895 0.216690 0.228677
2 0.372522 0.606501 0.199170 0.180267
2 0.593592 0.585754 0.180267 0.182112
2 0.404564 0.837713 0.195943 0.201936
2 0.146611 0.850161 0.204703 0.189949
0 0.122407 0.170586 0.171047 0.167819
0 0.343707 0.148225 0.179345 0.194099
0 0.139696 0.395343 0.209313 0.202397
0 0.351775 0.399493 0.153988 0.181189
0 0.152374 0.635546 0.198709 0.181189
