4 0.135784 0.338292 0.223119 0.212495
4 0.132809 0.615810 0.214620 0.203995
4 0.143859 0.879728 0.205270 0.213345
4 0.418615 0.621547 0.208245 0.209520
4 0.421589 0.889928 0.220994 0.212495
5 0.413727 0.351679 0.181470 0.188270
5 0.644709 0.385678 0.182745 0.188270
5 0.644921 0.139184 0.176371 0.189970
5 0.887590 0.142796 0.181470 0.178496
3 0.888653 0.369103 0.175096 0.163621
3 0.659159 0.648109 0.162346 0.164896
3 0.891840 0.643434 0.168721 0.165746
3 0.656609 0.887165 0.169996 0.168721
3 0.878453 0.901615 0.169996 0.163621
