4 0.121649 0.132990 0.217732 0.207423
4 0.378557 0.111959 0.209485 0.211546
4 0.658351 0.123093 0.225567 0.227216
4 0.105361 0.418144 0.208247 0.210309
4 0.379588 0.421031 0.226392 0.210309
5 0.621856 0.384536 0.182268 0.181856
5 0.628041 0.638969 0.179794 0.181031
5 0.871340 0.642680 0.179794 0.181856
5 0.883711 0.896082 0.191340 0.187216
3 0.110103 0.669278 0.173196 0.164948
3 0.113196 0.880000 0.162887 0.165773
3 0.367629 0.660619 0.166186 0.160825
3 0.371134 0.882887 0.160825 0.164948
3 0.620206 0.890103 0.172371 0.173608
