4 0.350925 0.116431 0.168662 0.169750
4 0.541531 0.198041 0.171926 0.177004
4 0.736126 0.299782 0.177367 0.178092
4 0.237396 0.312115 0.169387 0.173014
4 0.428908 0.412949 0.166485 0.167211
5 0.610809 0.477330 0.144360 0.142909
5 0.518680 0.655060 0.142909 0.140007
5 0.689336 0.750453 0.162133 0.149438
5 0.605005 0.922923 0.145085 0.146173
3 0.150889 0.485491 0.129126 0.133116
3 0.330613 0.578709 0.128038 0.134567
3 0.079071 0.633297 0.134204 0.136380
3 0.253536 0.731411 0.126950 0.130214
3 0.420929 0.824628 0.133116 0.137468
