3 0.084053 0.150841 0.156293 0.169923
3 0.284189 0.135847 0.157656 0.169923
3 0.095638 0.402317 0.164925 0.172194
3 0.306452 0.386415 0.161290 0.165834
3 0.104725 0.636302 0.165834 0.160382
5 0.341209 0.626761 0.169923 0.171286
5 0.119945 0.879373 0.177192 0.185825
5 0.351431 0.854384 0.164925 0.176738
5 0.586324 0.612903 0.172194 0.167197
4 0.839164 0.627215 0.220809 0.210359
4 0.834848 0.363017 0.203998 0.208087
4 0.536801 0.383008 0.199455 0.208087
4 0.526806 0.114948 0.209450 0.214448
4 0.800772 0.110632 0.210359 0.205816
