3 0.501857 0.099889 0.119941 0.123283
3 0.364463 0.237282 0.122911 0.136651
3 0.619198 0.211289 0.127367 0.135908
3 0.484404 0.347196 0.127367 0.131452
3 0.233569 0.364092 0.141107 0.127367
5 0.092462 0.504270 0.138879 0.146305
5 0.362421 0.497215 0.138136 0.136651
5 0.229298 0.624025 0.142963 0.135537
5 0.500928 0.633123 0.145563 0.145563
4 0.759747 0.330115 0.158188 0.167843
4 0.613442 0.481433 0.158188 0.166729
4 0.914779 0.486632 0.162273 0.164501
4 0.782027 0.645748 0.166357 0.173041
4 0.633866 0.795395 0.193093 0.178983
