4 0.129785 0.323727 0.216660 0.212453
4 0.117796 0.592764 0.210349 0.213715
4 0.136096 0.851073 0.216660 0.218763
4 0.426798 0.591712 0.215818 0.209087
4 0.424695 0.860959 0.226756 0.208246
5 0.390829 0.353807 0.180059 0.173328
5 0.638830 0.127682 0.177955 0.181321
5 0.631889 0.356542 0.175011 0.185528
5 0.867059 0.123475 0.183424 0.185528
3 0.860538 0.367270 0.166176 0.172486
3 0.651241 0.599074 0.157341 0.164072
3 0.859487 0.598233 0.170804 0.164072
3 0.653555 0.850442 0.155238 0.166176
3 0.852966 0.839714 0.155238 0.164072
