4 0.142885 0.337998 0.243989 0.238471
4 0.133425 0.614899 0.235317 0.215215
4 0.139338 0.873276 0.217186 0.225069
4 0.432992 0.886874 0.237682 0.226251
4 0.439890 0.610169 0.221521 0.218368
5 0.415845 0.374655 0.203390 0.186441
5 0.662397 0.381159 0.185652 0.197083
5 0.675601 0.143082 0.175798 0.185258
5 0.901655 0.146630 0.180134 0.197083
3 0.898305 0.389436 0.167127 0.169492
3 0.685258 0.628104 0.171462 0.173827
3 0.896926 0.627119 0.168309 0.173433
3 0.687426 0.886086 0.178163 0.175798
3 0.894561 0.880765 0.170674 0.162791
