2 0.592056 0.407944 0.177079 0.181216
2 0.610468 0.631775 0.193215 0.179561
2 0.818577 0.625983 0.182458 0.177906
2 0.807406 0.856227 0.177493 0.186595
1 0.818990 0.409392 0.213074 0.216384
1 0.381878 0.407323 0.202731 0.220521
1 0.124535 0.388912 0.214315 0.232520
1 0.149772 0.125362 0.225900 0.214315
1 0.402151 0.135292 0.219280 0.230037
0 0.136947 0.617915 0.168804 0.164253
0 0.157220 0.839677 0.177079 0.175010
0 0.390360 0.634464 0.175010 0.171700
0 0.371328 0.833885 0.177493 0.179975
0 0.604261 0.848779 0.186595 0.182458
