0 0.440927 0.133051 0.146485 0.138756
0 0.597534 0.235554 0.135812 0.142068
0 0.347810 0.268679 0.157527 0.149430
0 0.465587 0.387560 0.134707 0.145013
0 0.222856 0.428966 0.153478 0.152742
1 0.747516 0.338057 0.178874 0.172617
1 0.914612 0.476997 0.164152 0.161943
1 0.798491 0.633603 0.190283 0.180714
1 0.620721 0.493559 0.175561 0.164152
1 0.412587 0.785977 0.181818 0.195436
2 0.363636 0.526316 0.155318 0.132499
2 0.518771 0.633971 0.133603 0.150534
2 0.259477 0.676113 0.159735 0.147957
2 0.097166 0.550423 0.142068 0.151270
